141 212 205
162 62 226
98 226 62
80 43 184
160 229 66
225 64 203
97 227 110
185 82 215
213 227 56
114 95 228
120 179 47
89 35 140
183 202 64
169 55 161
64 162 60
219 58 153
96 225 154
212 42 107
142 222 127
47 48 130
229 204 59
87 109 214
210 166 53
213 122 224
119 147 50
134 47 122
182 211 114
85 32 90
89 228 193
229 61 29
87 227 231
199 35 54
75 181 228
226 113 26
69 126 202
228 147 53
149 145 230
57 100 29
236 82 136
74 169 133
229 55 90
77 168 177
236 71 71
150 203 236
165 46 32
166 214 164
148 46 96
108 155 94
224 110 179
55 117 76
161 102 181
156 144 55
114 92 162
223 198 116
62 74 134
224 99 59
8 39 66
232 137 101
8 39 66
179 89 34
119 157 202
119 35 15
187 174 226
134 102 29
222 158 226
30 69 40
207 106 147
73 126 110
209 94 86
8 39 66
189 131 68
8 39 66
230 176 139
8 39 66
202 196 148
52 44 86
93 87 28
232 155 188
8 39 66
223 112 125
8 39 66
224 155 148
30 55 83
141 76 38
50 119 136
159 49 67
52 80 113
169 137 99
93 114 156
104 22 41
220 175 198
60 59 23
141 98 140
126 122 78
88 41 66
176 111 102
86 37 25
170 116 138
107 78 45
130 72 73
